5573e08d-68bc-467f-a2d9-5204f455f045,1,3,4,5,1
5573e08d-68bc-467f-a2d9-5204f455f045,2,4,3,5,1
5573e08d-68bc-467f-a2d9-5204f455f045,4,4,1,4,4
5573e08d-68bc-467f-a2d9-5204f455f045,1,2,2,5,5
5573e08d-68bc-467f-a2d9-5204f455f045,3,1,4,2,3
7e810623-8e09-4316-8b8a-56fe1a9f7d90,3,2,4,3,1
7e810623-8e09-4316-8b8a-56fe1a9f7d90,1,2,3,3,2
7e810623-8e09-4316-8b8a-56fe1a9f7d90,2,5,5,2,5
7e810623-8e09-4316-8b8a-56fe1a9f7d90,2,4,3,3,5
7e810623-8e09-4316-8b8a-56fe1a9f7d90,3,5,5,5,3
3facb8c1-114b-430a-a5bd-1fb4cb7d5343,5,5,1,1,1
3facb8c1-114b-430a-a5bd-1fb4cb7d5343,5,4,1,1,2
3facb8c1-114b-430a-a5bd-1fb4cb7d5343,4,3,3,2,3
3facb8c1-114b-430a-a5bd-1fb4cb7d5343,2,2,5,4,1
3facb8c1-114b-430a-a5bd-1fb4cb7d5343,1,3,5,3,5
0f43a0f6-df53-4335-ab53-41a024eace0e,3,1,5,3,3
0f43a0f6-df53-4335-ab53-41a024eace0e,1,1,2,1,3
0f43a0f6-df53-4335-ab53-41a024eace0e,2,5,1,2,2
0f43a0f6-df53-4335-ab53-41a024eace0e,1,2,2,1,1
0f43a0f6-df53-4335-ab53-41a024eace0e,2,5,4,1,2
b62491dc-0020-4297-b6df-3555d505f352,5,2,3,3,1
b62491dc-0020-4297-b6df-3555d505f352,1,4,1,4,2
b62491dc-0020-4297-b6df-3555d505f352,4,2,5,3,5
b62491dc-0020-4297-b6df-3555d505f352,1,4,5,2,1
b62491dc-0020-4297-b6df-3555d505f352,2,4,5,2,1
2cbddf08-c096-4689-84da-064d21649366,2,2,1,1,4
2cbddf08-c096-4689-84da-064d21649366,2,2,5,5,2
2cbddf08-c096-4689-84da-064d21649366,1,5,1,5,2
2cbddf08-c096-4689-84da-064d21649366,5,3,3,1,4
2cbddf08-c096-4689-84da-064d21649366,1,4,1,5,2
09eae629-1e5b-4269-9d4a-2bcc27215f13,4,1,3,1,3
09eae629-1e5b-4269-9d4a-2bcc27215f13,1,4,3,2,4
09eae629-1e5b-4269-9d4a-2bcc27215f13,2,3,2,3,1
09eae629-1e5b-4269-9d4a-2bcc27215f13,4,1,5,4,1
09eae629-1e5b-4269-9d4a-2bcc27215f13,1,3,3,2,5
c1dee7e4-5a57-4dfa-b40b-90a7a7bb879a,3,5,1,2,1
c1dee7e4-5a57-4dfa-b40b-90a7a7bb879a,5,3,5,3,3
c1dee7e4-5a57-4dfa-b40b-90a7a7bb879a,5,3,3,2,2
c1dee7e4-5a57-4dfa-b40b-90a7a7bb879a,4,5,1,4,3
c1dee7e4-5a57-4dfa-b40b-90a7a7bb879a,2,3,4,2,3
0336577e-ad1b-44a2-ac38-dfa4af3d74e1,5,4,5,4,1
0336577e-ad1b-44a2-ac38-dfa4af3d74e1,2,2,4,5,3
0336577e-ad1b-44a2-ac38-dfa4af3d74e1,2,4,5,5,2
0336577e-ad1b-44a2-ac38-dfa4af3d74e1,3,3,5,2,4
0336577e-ad1b-44a2-ac38-dfa4af3d74e1,3,2,4,5,5
ddfc7366-9bc1-4941-b337-dd3643741309,1,3,3,2,1
ddfc7366-9bc1-4941-b337-dd3643741309,2,2,4,5,4
ddfc7366-9bc1-4941-b337-dd3643741309,3,5,1,4,3
ddfc7366-9bc1-4941-b337-dd3643741309,3,1,4,1,4
ddfc7366-9bc1-4941-b337-dd3643741309,5,2,3,2,5
8662b542-b91d-4970-acb2-9a1a2276e195,3,4,2,2,5
8662b542-b91d-4970-acb2-9a1a2276e195,2,3,3,5,1
8662b542-b91d-4970-acb2-9a1a2276e195,2,4,5,4,5
8662b542-b91d-4970-acb2-9a1a2276e195,2,1,4,5,1
8662b542-b91d-4970-acb2-9a1a2276e195,2,3,4,2,2
36d3c354-b15e-4c38-a244-8183fd805bff,1,4,4,4,3
36d3c354-b15e-4c38-a244-8183fd805bff,1,5,3,4,1
36d3c354-b15e-4c38-a244-8183fd805bff,2,2,3,3,5
36d3c354-b15e-4c38-a244-8183fd805bff,2,2,3,1,3
36d3c354-b15e-4c38-a244-8183fd805bff,2,2,1,1,2
3efb69e5-dfb3-465a-9fcb-bdc851aa99aa,2,3,3,1,2
3efb69e5-dfb3-465a-9fcb-bdc851aa99aa,5,4,4,2,4
3efb69e5-dfb3-465a-9fcb-bdc851aa99aa,4,5,1,2,3
3efb69e5-dfb3-465a-9fcb-bdc851aa99aa,3,5,2,1,4
3efb69e5-dfb3-465a-9fcb-bdc851aa99aa,2,4,1,5,3
575800b8-ea77-42bf-9455-a3e9fb6c98d1,2,1,2,5,2
575800b8-ea77-42bf-9455-a3e9fb6c98d1,5,3,2,3,3
575800b8-ea77-42bf-9455-a3e9fb6c98d1,3,2,1,2,2
575800b8-ea77-42bf-9455-a3e9fb6c98d1,2,5,3,5,2
575800b8-ea77-42bf-9455-a3e9fb6c98d1,5,3,4,1,2
bfd63422-2b29-47de-9f2f-b10de4491b49,2,3,3,2,4
bfd63422-2b29-47de-9f2f-b10de4491b49,2,3,2,2,2
bfd63422-2b29-47de-9f2f-b10de4491b49,3,4,1,5,2
bfd63422-2b29-47de-9f2f-b10de4491b49,3,5,5,2,2
bfd63422-2b29-47de-9f2f-b10de4491b49,5,2,1,3,3
6b52f70f-9200-4331-96a9-d2dca83200c3,5,5,3,1,5
6b52f70f-9200-4331-96a9-d2dca83200c3,5,3,2,2,1
6b52f70f-9200-4331-96a9-d2dca83200c3,1,4,1,3,2
6b52f70f-9200-4331-96a9-d2dca83200c3,5,1,2,2,2
6b52f70f-9200-4331-96a9-d2dca83200c3,2,2,2,4,1
2867cc58-f05a-480d-af1a-c886b22caead,2,4,2,1,1
2867cc58-f05a-480d-af1a-c886b22caead,3,5,2,1,3
2867cc58-f05a-480d-af1a-c886b22caead,2,4,1,1,3
2867cc58-f05a-480d-af1a-c886b22caead,3,3,1,4,5
2867cc58-f05a-480d-af1a-c886b22caead,4,2,3,1,5
eec99af5-893c-40ae-ac39-08be2d1611dc,5,4,5,1,1
eec99af5-893c-40ae-ac39-08be2d1611dc,5,1,2,2,2
eec99af5-893c-40ae-ac39-08be2d1611dc,4,3,4,1,5
eec99af5-893c-40ae-ac39-08be2d1611dc,4,4,2,3,4
eec99af5-893c-40ae-ac39-08be2d1611dc,1,1,2,3,5
a3371367-0290-480c-b8b5-80c1154a134c,4,3,2,2,3
a3371367-0290-480c-b8b5-80c1154a134c,5,3,2,5,5
a3371367-0290-480c-b8b5-80c1154a134c,1,4,5,5,4
a3371367-0290-480c-b8b5-80c1154a134c,4,5,4,5,4
a3371367-0290-480c-b8b5-80c1154a134c,2,3,4,3,3
d92cad2c-b4ef-46dc-915b-2d34f982547b,2,3,5,4,3
d92cad2c-b4ef-46dc-915b-2d34f982547b,3,2,1,3,1
d92cad2c-b4ef-46dc-915b-2d34f982547b,4,4,4,4,1
d92cad2c-b4ef-46dc-915b-2d34f982547b,3,4,2,3,5
d92cad2c-b4ef-46dc-915b-2d34f982547b,5,3,2,2,3
28c09ac7-6099-4ade-89be-ad5f78f12c8f,3,3,3,2,4
28c09ac7-6099-4ade-89be-ad5f78f12c8f,3,5,4,4,3
28c09ac7-6099-4ade-89be-ad5f78f12c8f,5,4,3,3,2
28c09ac7-6099-4ade-89be-ad5f78f12c8f,1,3,1,5,4
28c09ac7-6099-4ade-89be-ad5f78f12c8f,5,2,1,2,4
6da78e22-7ca6-4421-b483-109bd30d7f60,2,1,5,1,1
6da78e22-7ca6-4421-b483-109bd30d7f60,5,5,1,4,5
6da78e22-7ca6-4421-b483-109bd30d7f60,4,1,3,5,5
6da78e22-7ca6-4421-b483-109bd30d7f60,5,5,4,2,5
6da78e22-7ca6-4421-b483-109bd30d7f60,5,1,1,2,1
9d288479-3211-4c78-a34d-ff3e677b9a90,4,4,5,1,5
9d288479-3211-4c78-a34d-ff3e677b9a90,3,1,5,5,5
9d288479-3211-4c78-a34d-ff3e677b9a90,2,3,3,2,2
9d288479-3211-4c78-a34d-ff3e677b9a90,4,2,1,2,4
9d288479-3211-4c78-a34d-ff3e677b9a90,5,2,3,1,1
118eafe8-e78a-4fb7-b8b2-18b3cc63012b,3,1,5,2,5
118eafe8-e78a-4fb7-b8b2-18b3cc63012b,3,4,2,5,5
118eafe8-e78a-4fb7-b8b2-18b3cc63012b,2,3,4,3,5
118eafe8-e78a-4fb7-b8b2-18b3cc63012b,2,3,3,1,2
118eafe8-e78a-4fb7-b8b2-18b3cc63012b,4,1,3,5,3
015a08d4-a033-43fd-b8e1-c722e5c697fd,4,5,5,3,3
015a08d4-a033-43fd-b8e1-c722e5c697fd,5,2,2,5,2
015a08d4-a033-43fd-b8e1-c722e5c697fd,5,3,1,4,3
015a08d4-a033-43fd-b8e1-c722e5c697fd,5,1,2,4,4
015a08d4-a033-43fd-b8e1-c722e5c697fd,3,4,4,1,3
42ecffca-a4bd-4074-8f19-630732a63c92,2,3,1,1,1
42ecffca-a4bd-4074-8f19-630732a63c92,5,4,5,3,2
42ecffca-a4bd-4074-8f19-630732a63c92,2,1,5,5,2
42ecffca-a4bd-4074-8f19-630732a63c92,4,4,3,3,4
42ecffca-a4bd-4074-8f19-630732a63c92,4,4,1,3,2
794073ca-bc51-4417-8b37-6f4586041428,2,1,4,1,1
794073ca-bc51-4417-8b37-6f4586041428,2,3,3,1,2
794073ca-bc51-4417-8b37-6f4586041428,4,4,1,1,1
794073ca-bc51-4417-8b37-6f4586041428,4,1,1,2,3
794073ca-bc51-4417-8b37-6f4586041428,2,2,2,3,1
b974079c-104b-4b46-9bcc-dc448ef90bb2,5,5,4,1,1
b974079c-104b-4b46-9bcc-dc448ef90bb2,1,4,2,5,4
b974079c-104b-4b46-9bcc-dc448ef90bb2,5,5,1,5,3
b974079c-104b-4b46-9bcc-dc448ef90bb2,1,1,1,5,4
b974079c-104b-4b46-9bcc-dc448ef90bb2,1,5,3,5,5
7ab6c4d8-56cb-4159-b154-04056563cd12,1,2,5,5,4
7ab6c4d8-56cb-4159-b154-04056563cd12,5,3,5,5,1
7ab6c4d8-56cb-4159-b154-04056563cd12,4,3,4,5,5
7ab6c4d8-56cb-4159-b154-04056563cd12,4,4,4,1,5
7ab6c4d8-56cb-4159-b154-04056563cd12,3,4,4,1,3
287619c5-b587-4f32-8a8e-cb95a5373d3b,2,1,2,1,1
287619c5-b587-4f32-8a8e-cb95a5373d3b,5,2,2,1,2
287619c5-b587-4f32-8a8e-cb95a5373d3b,3,2,1,3,2
287619c5-b587-4f32-8a8e-cb95a5373d3b,3,1,4,1,3
287619c5-b587-4f32-8a8e-cb95a5373d3b,1,2,2,3,5
a3259abe-9220-4bcc-a829-344f358c121e,4,5,5,3,1
a3259abe-9220-4bcc-a829-344f358c121e,3,2,4,3,1
a3259abe-9220-4bcc-a829-344f358c121e,3,1,1,5,3
a3259abe-9220-4bcc-a829-344f358c121e,1,5,4,3,5
a3259abe-9220-4bcc-a829-344f358c121e,1,5,2,5,3
d242f043-54b6-4ce7-90be-fd2316298e77,5,2,5,1,4
d242f043-54b6-4ce7-90be-fd2316298e77,5,5,5,2,1
d242f043-54b6-4ce7-90be-fd2316298e77,4,2,2,3,4
d242f043-54b6-4ce7-90be-fd2316298e77,2,2,2,1,2
d242f043-54b6-4ce7-90be-fd2316298e77,5,2,4,3,1
c9a74357-6c56-421b-a696-c1ceb9184376,5,2,1,3,5
c9a74357-6c56-421b-a696-c1ceb9184376,4,4,3,5,2
c9a74357-6c56-421b-a696-c1ceb9184376,3,2,5,2,1
c9a74357-6c56-421b-a696-c1ceb9184376,3,3,2,5,4
c9a74357-6c56-421b-a696-c1ceb9184376,5,2,3,4,3
037dbd88-96b6-4f4c-96ac-1912e54fefbb,4,3,4,1,4
037dbd88-96b6-4f4c-96ac-1912e54fefbb,1,3,1,4,1
037dbd88-96b6-4f4c-96ac-1912e54fefbb,1,3,1,2,3
037dbd88-96b6-4f4c-96ac-1912e54fefbb,2,4,2,4,3
037dbd88-96b6-4f4c-96ac-1912e54fefbb,1,4,4,5,5
7e3aef01-64cc-4d2a-9b00-6f18a72e1572,2,5,5,3,2
7e3aef01-64cc-4d2a-9b00-6f18a72e1572,4,1,3,5,3
7e3aef01-64cc-4d2a-9b00-6f18a72e1572,2,5,1,1,4
7e3aef01-64cc-4d2a-9b00-6f18a72e1572,5,2,2,1,2
7e3aef01-64cc-4d2a-9b00-6f18a72e1572,5,1,1,5,5
43d15be0-a594-4dc8-b0eb-7cfc55e1eb80,5,1,5,2,1
43d15be0-a594-4dc8-b0eb-7cfc55e1eb80,2,1,5,2,5
43d15be0-a594-4dc8-b0eb-7cfc55e1eb80,3,4,1,4,5
43d15be0-a594-4dc8-b0eb-7cfc55e1eb80,4,5,3,2,2
43d15be0-a594-4dc8-b0eb-7cfc55e1eb80,5,5,3,4,3
f8456a8c-393b-459e-894b-b1d3ee7aa095,5,1,2,3,2
f8456a8c-393b-459e-894b-b1d3ee7aa095,2,1,3,4,2
f8456a8c-393b-459e-894b-b1d3ee7aa095,1,1,4,3,3
f8456a8c-393b-459e-894b-b1d3ee7aa095,5,2,4,4,5
f8456a8c-393b-459e-894b-b1d3ee7aa095,4,4,4,3,1
c322520e-a90e-4436-a3eb-14866118cb16,4,3,5,1,1
c322520e-a90e-4436-a3eb-14866118cb16,3,1,2,1,2
c322520e-a90e-4436-a3eb-14866118cb16,5,3,5,5,5
c322520e-a90e-4436-a3eb-14866118cb16,5,2,4,1,1
c322520e-a90e-4436-a3eb-14866118cb16,5,2,1,4,5
90cdcba2-d5a1-48e3-97db-e8ac422098e6,4,5,4,5,2
90cdcba2-d5a1-48e3-97db-e8ac422098e6,1,3,1,2,2
90cdcba2-d5a1-48e3-97db-e8ac422098e6,5,5,5,5,3
90cdcba2-d5a1-48e3-97db-e8ac422098e6,5,2,5,4,1
90cdcba2-d5a1-48e3-97db-e8ac422098e6,5,3,5,5,5
618b179e-4b08-4647-adb8-42ee3692ec62,3,2,2,4,2
618b179e-4b08-4647-adb8-42ee3692ec62,3,3,1,4,4
618b179e-4b08-4647-adb8-42ee3692ec62,3,2,1,5,3
618b179e-4b08-4647-adb8-42ee3692ec62,3,1,2,1,2
618b179e-4b08-4647-adb8-42ee3692ec62,3,1,4,1,2
22abb22a-ded0-485b-b81f-ace7b0362a10,4,3,5,2,3
22abb22a-ded0-485b-b81f-ace7b0362a10,5,1,2,3,2
22abb22a-ded0-485b-b81f-ace7b0362a10,3,4,2,1,5
22abb22a-ded0-485b-b81f-ace7b0362a10,2,5,5,5,3
22abb22a-ded0-485b-b81f-ace7b0362a10,3,4,3,4,2
98fdb67f-9e23-4cde-8825-f774726ae805,4,5,2,4,1
98fdb67f-9e23-4cde-8825-f774726ae805,2,4,3,5,5
98fdb67f-9e23-4cde-8825-f774726ae805,4,1,2,3,4
98fdb67f-9e23-4cde-8825-f774726ae805,2,4,2,3,3
98fdb67f-9e23-4cde-8825-f774726ae805,3,5,4,2,3
49b0bcc5-e4aa-4d78-a575-0eeff6719494,1,1,1,2,5
49b0bcc5-e4aa-4d78-a575-0eeff6719494,3,4,4,4,3
49b0bcc5-e4aa-4d78-a575-0eeff6719494,5,3,3,3,2
49b0bcc5-e4aa-4d78-a575-0eeff6719494,1,5,3,2,1
49b0bcc5-e4aa-4d78-a575-0eeff6719494,3,1,3,4,4
e389b0a1-8814-4514-863d-16f1f0f110be,5,2,5,4,5
e389b0a1-8814-4514-863d-16f1f0f110be,5,5,4,1,5
e389b0a1-8814-4514-863d-16f1f0f110be,4,5,2,4,5
e389b0a1-8814-4514-863d-16f1f0f110be,3,5,5,1,4
e389b0a1-8814-4514-863d-16f1f0f110be,5,1,3,5,3
c340f6ce-c936-4461-afec-c7766f56017c,1,2,4,2,4
c340f6ce-c936-4461-afec-c7766f56017c,2,3,2,3,1
c340f6ce-c936-4461-afec-c7766f56017c,5,1,5,2,5
c340f6ce-c936-4461-afec-c7766f56017c,5,4,5,5,2
c340f6ce-c936-4461-afec-c7766f56017c,2,3,3,2,4
2e671701-e42a-47c2-b828-280808b49933,3,1,4,5,5
2e671701-e42a-47c2-b828-280808b49933,4,2,2,3,3
2e671701-e42a-47c2-b828-280808b49933,5,4,3,1,3
2e671701-e42a-47c2-b828-280808b49933,2,1,2,5,2
2e671701-e42a-47c2-b828-280808b49933,4,1,5,5,3
ba55c097-1b51-4ddc-bf44-b027d7725759,2,3,5,2,2
ba55c097-1b51-4ddc-bf44-b027d7725759,5,1,5,1,3
ba55c097-1b51-4ddc-bf44-b027d7725759,2,1,1,4,3
ba55c097-1b51-4ddc-bf44-b027d7725759,2,1,5,3,3
ba55c097-1b51-4ddc-bf44-b027d7725759,2,4,1,4,4
6bf20288-0f5c-4607-bdc6-c586d70dbf45,3,5,2,3,2
6bf20288-0f5c-4607-bdc6-c586d70dbf45,2,2,3,3,4
6bf20288-0f5c-4607-bdc6-c586d70dbf45,5,2,1,3,1
6bf20288-0f5c-4607-bdc6-c586d70dbf45,5,1,3,2,2
6bf20288-0f5c-4607-bdc6-c586d70dbf45,5,1,4,1,5
21431605-5ee4-4282-8c27-0176444e03f3,5,5,2,5,1
21431605-5ee4-4282-8c27-0176444e03f3,1,5,5,3,3
21431605-5ee4-4282-8c27-0176444e03f3,2,1,1,3,3
21431605-5ee4-4282-8c27-0176444e03f3,3,2,3,2,5
21431605-5ee4-4282-8c27-0176444e03f3,3,3,4,4,5
3ba1323b-1e84-4402-969e-42c85bffe6ec,2,5,3,4,3
3ba1323b-1e84-4402-969e-42c85bffe6ec,3,5,1,2,4
3ba1323b-1e84-4402-969e-42c85bffe6ec,1,2,5,3,1
3ba1323b-1e84-4402-969e-42c85bffe6ec,1,1,5,3,2
3ba1323b-1e84-4402-969e-42c85bffe6ec,2,4,5,2,1
ebb865fa-67fc-4864-994b-6bde751bcb52,5,5,1,2,3
ebb865fa-67fc-4864-994b-6bde751bcb52,5,4,1,2,3
ebb865fa-67fc-4864-994b-6bde751bcb52,4,2,3,2,2
ebb865fa-67fc-4864-994b-6bde751bcb52,1,2,3,1,1
ebb865fa-67fc-4864-994b-6bde751bcb52,4,4,2,5,4
5bed6897-ee58-41bd-94e8-de11c629033f,3,5,3,5,2
5bed6897-ee58-41bd-94e8-de11c629033f,3,2,5,5,5
5bed6897-ee58-41bd-94e8-de11c629033f,1,2,4,4,3
5bed6897-ee58-41bd-94e8-de11c629033f,5,1,5,1,4
5bed6897-ee58-41bd-94e8-de11c629033f,2,1,4,2,5
1f569ea5-f947-4b08-aa26-e2617686ddeb,4,2,1,4,2
1f569ea5-f947-4b08-aa26-e2617686ddeb,3,3,2,4,2
1f569ea5-f947-4b08-aa26-e2617686ddeb,4,3,5,5,4
1f569ea5-f947-4b08-aa26-e2617686ddeb,4,4,4,4,2
1f569ea5-f947-4b08-aa26-e2617686ddeb,3,2,1,1,5
1685c026-cb7e-45cb-a40a-61843286fa2c,1,2,2,5,2
1685c026-cb7e-45cb-a40a-61843286fa2c,1,5,3,2,3
1685c026-cb7e-45cb-a40a-61843286fa2c,4,3,5,1,2
1685c026-cb7e-45cb-a40a-61843286fa2c,1,2,2,5,4
1685c026-cb7e-45cb-a40a-61843286fa2c,3,2,5,5,5
aa2db911-86a1-4723-bc29-20cc3acf5e2f,3,5,1,3,1
aa2db911-86a1-4723-bc29-20cc3acf5e2f,4,1,2,1,2
aa2db911-86a1-4723-bc29-20cc3acf5e2f,2,1,5,5,3
aa2db911-86a1-4723-bc29-20cc3acf5e2f,4,2,2,2,5
aa2db911-86a1-4723-bc29-20cc3acf5e2f,5,2,4,2,4
cdebe188-eabc-48a4-b3ff-e3e9f149ab49,4,5,1,2,1
cdebe188-eabc-48a4-b3ff-e3e9f149ab49,1,5,1,5,3
cdebe188-eabc-48a4-b3ff-e3e9f149ab49,5,1,3,1,2
cdebe188-eabc-48a4-b3ff-e3e9f149ab49,5,3,2,1,3
cdebe188-eabc-48a4-b3ff-e3e9f149ab49,3,1,2,5,4
53060c72-12ce-4706-a7fd-3a02e3d04cfe,1,5,5,1,4
53060c72-12ce-4706-a7fd-3a02e3d04cfe,4,2,4,2,5
53060c72-12ce-4706-a7fd-3a02e3d04cfe,4,1,4,3,2
53060c72-12ce-4706-a7fd-3a02e3d04cfe,2,2,1,5,2
53060c72-12ce-4706-a7fd-3a02e3d04cfe,5,4,2,4,5
7618ddc0-8f79-4d04-8724-ee14d5516150,4,3,1,4,4
7618ddc0-8f79-4d04-8724-ee14d5516150,1,2,2,4,4
7618ddc0-8f79-4d04-8724-ee14d5516150,1,5,3,2,3
7618ddc0-8f79-4d04-8724-ee14d5516150,3,4,2,4,2
7618ddc0-8f79-4d04-8724-ee14d5516150,3,5,4,5,4
e95e5030-14e4-48e8-9cf4-8b074d5e5d42,4,3,2,4,1
e95e5030-14e4-48e8-9cf4-8b074d5e5d42,3,2,2,4,5
e95e5030-14e4-48e8-9cf4-8b074d5e5d42,3,5,2,3,5
e95e5030-14e4-48e8-9cf4-8b074d5e5d42,3,4,1,2,2
e95e5030-14e4-48e8-9cf4-8b074d5e5d42,5,2,1,4,2
8e6fe8ca-01f4-448d-81cd-56911ebb3dc0,2,2,4,1,4
8e6fe8ca-01f4-448d-81cd-56911ebb3dc0,5,5,3,3,5
8e6fe8ca-01f4-448d-81cd-56911ebb3dc0,5,3,5,5,2
8e6fe8ca-01f4-448d-81cd-56911ebb3dc0,1,3,2,5,3
8e6fe8ca-01f4-448d-81cd-56911ebb3dc0,1,3,3,3,1
ff7a9b51-7bd1-414d-9f22-3f305d9739d7,2,4,3,2,5
ff7a9b51-7bd1-414d-9f22-3f305d9739d7,5,4,1,3,3
ff7a9b51-7bd1-414d-9f22-3f305d9739d7,3,4,1,5,2
ff7a9b51-7bd1-414d-9f22-3f305d9739d7,3,3,5,5,3
ff7a9b51-7bd1-414d-9f22-3f305d9739d7,5,1,4,1,5
2ee6bcf4-bdba-4464-9529-e826bb692de9,5,1,5,1,1
2ee6bcf4-bdba-4464-9529-e826bb692de9,1,5,1,3,1
2ee6bcf4-bdba-4464-9529-e826bb692de9,2,1,1,4,3
2ee6bcf4-bdba-4464-9529-e826bb692de9,2,3,2,4,5
2ee6bcf4-bdba-4464-9529-e826bb692de9,3,5,5,4,3
3e580759-524d-4ac4-8a38-179f03657f55,2,4,1,4,3
3e580759-524d-4ac4-8a38-179f03657f55,2,5,3,2,5
3e580759-524d-4ac4-8a38-179f03657f55,1,3,4,1,5
3e580759-524d-4ac4-8a38-179f03657f55,5,3,2,2,5
3e580759-524d-4ac4-8a38-179f03657f55,3,2,4,2,3
97061ebe-72a7-46ff-ab44-89abc8dcf2d5,5,1,2,2,3
97061ebe-72a7-46ff-ab44-89abc8dcf2d5,4,3,3,2,1
97061ebe-72a7-46ff-ab44-89abc8dcf2d5,1,2,3,3,5
97061ebe-72a7-46ff-ab44-89abc8dcf2d5,5,5,3,1,2
97061ebe-72a7-46ff-ab44-89abc8dcf2d5,3,1,2,4,2
95b4f2c8-bf94-4ad0-84fe-dbb20ed443d7,1,5,4,3,3
95b4f2c8-bf94-4ad0-84fe-dbb20ed443d7,3,5,2,2,2
95b4f2c8-bf94-4ad0-84fe-dbb20ed443d7,4,1,1,4,3
95b4f2c8-bf94-4ad0-84fe-dbb20ed443d7,3,1,2,5,1
95b4f2c8-bf94-4ad0-84fe-dbb20ed443d7,3,2,4,4,5
bff3ddec-c8b3-48a1-ac0d-fccf00c39298,3,2,2,4,4
bff3ddec-c8b3-48a1-ac0d-fccf00c39298,4,3,1,2,1
bff3ddec-c8b3-48a1-ac0d-fccf00c39298,5,1,4,4,3
bff3ddec-c8b3-48a1-ac0d-fccf00c39298,4,3,5,5,4
bff3ddec-c8b3-48a1-ac0d-fccf00c39298,3,4,1,1,3
a6fb910c-a97f-4856-b558-481e490511ee,1,5,1,1,5
a6fb910c-a97f-4856-b558-481e490511ee,3,2,3,3,5
a6fb910c-a97f-4856-b558-481e490511ee,3,5,4,2,2
a6fb910c-a97f-4856-b558-481e490511ee,4,3,1,5,2
a6fb910c-a97f-4856-b558-481e490511ee,5,3,5,5,5
4223117d-48a4-429b-b54d-43c5fc5ed791,1,4,5,2,1
4223117d-48a4-429b-b54d-43c5fc5ed791,2,3,2,3,4
4223117d-48a4-429b-b54d-43c5fc5ed791,2,1,5,1,2
4223117d-48a4-429b-b54d-43c5fc5ed791,4,5,4,3,4
4223117d-48a4-429b-b54d-43c5fc5ed791,2,1,2,5,2
4e97150e-c4a6-43d8-bacc-c92ed0f9a362,5,1,2,4,3
4e97150e-c4a6-43d8-bacc-c92ed0f9a362,1,1,1,3,3
4e97150e-c4a6-43d8-bacc-c92ed0f9a362,3,4,3,1,3
4e97150e-c4a6-43d8-bacc-c92ed0f9a362,1,5,3,5,3
4e97150e-c4a6-43d8-bacc-c92ed0f9a362,3,2,5,5,2
18f21c6a-bd82-4c76-bc68-4056b08744d4,2,3,2,1,3
18f21c6a-bd82-4c76-bc68-4056b08744d4,5,3,1,5,4
18f21c6a-bd82-4c76-bc68-4056b08744d4,2,4,4,3,2
18f21c6a-bd82-4c76-bc68-4056b08744d4,3,5,4,1,5
18f21c6a-bd82-4c76-bc68-4056b08744d4,2,1,5,2,1
9f333fde-d751-4614-b919-866afece9541,4,4,1,3,3
9f333fde-d751-4614-b919-866afece9541,1,3,1,1,4
9f333fde-d751-4614-b919-866afece9541,1,3,5,1,2
9f333fde-d751-4614-b919-866afece9541,3,3,4,3,2
9f333fde-d751-4614-b919-866afece9541,3,2,3,2,5
76afc1ac-6a39-492c-b689-c8bc7c334c6d,5,2,2,2,5
76afc1ac-6a39-492c-b689-c8bc7c334c6d,1,4,1,1,1
76afc1ac-6a39-492c-b689-c8bc7c334c6d,2,3,3,4,5
76afc1ac-6a39-492c-b689-c8bc7c334c6d,1,5,5,4,1
76afc1ac-6a39-492c-b689-c8bc7c334c6d,3,4,1,4,1
92df0c01-6564-48ff-96fa-e688ae32fce4,5,1,3,1,1
92df0c01-6564-48ff-96fa-e688ae32fce4,3,2,2,5,5
92df0c01-6564-48ff-96fa-e688ae32fce4,5,2,2,5,5
92df0c01-6564-48ff-96fa-e688ae32fce4,2,1,4,1,4
92df0c01-6564-48ff-96fa-e688ae32fce4,1,1,3,4,3
1e0bcbad-40a5-43ad-b5f9-ac8bc269cccd,4,5,5,3,2
1e0bcbad-40a5-43ad-b5f9-ac8bc269cccd,5,1,3,3,4
1e0bcbad-40a5-43ad-b5f9-ac8bc269cccd,3,2,3,4,1
1e0bcbad-40a5-43ad-b5f9-ac8bc269cccd,2,1,1,4,2
1e0bcbad-40a5-43ad-b5f9-ac8bc269cccd,1,3,2,3,2
1e2f498c-7250-4343-8068-556837f0479f,4,5,1,2,3
1e2f498c-7250-4343-8068-556837f0479f,5,1,3,4,1
1e2f498c-7250-4343-8068-556837f0479f,4,5,1,4,5
1e2f498c-7250-4343-8068-556837f0479f,5,5,3,5,1
1e2f498c-7250-4343-8068-556837f0479f,1,2,2,3,3
a119c0da-c1c9-41ec-a010-57bdfa9d91bf,3,3,3,1,5
a119c0da-c1c9-41ec-a010-57bdfa9d91bf,1,4,3,1,3
a119c0da-c1c9-41ec-a010-57bdfa9d91bf,1,5,4,1,4
a119c0da-c1c9-41ec-a010-57bdfa9d91bf,3,1,2,3,1
a119c0da-c1c9-41ec-a010-57bdfa9d91bf,4,3,3,2,2
3968858c-1eab-477b-84d0-9337ceab2a70,5,5,2,4,4
3968858c-1eab-477b-84d0-9337ceab2a70,3,5,1,5,2
3968858c-1eab-477b-84d0-9337ceab2a70,4,5,5,4,5
3968858c-1eab-477b-84d0-9337ceab2a70,1,1,3,1,5
3968858c-1eab-477b-84d0-9337ceab2a70,1,1,5,3,4
1210dd18-a5eb-4c54-90f6-f94949348bb0,2,2,1,3,2
1210dd18-a5eb-4c54-90f6-f94949348bb0,5,1,5,4,4
1210dd18-a5eb-4c54-90f6-f94949348bb0,5,5,3,2,3
1210dd18-a5eb-4c54-90f6-f94949348bb0,1,4,1,1,1
1210dd18-a5eb-4c54-90f6-f94949348bb0,2,3,4,4,2
85deba7a-7846-4c64-8feb-b986858d5ad6,2,4,3,4,4
85deba7a-7846-4c64-8feb-b986858d5ad6,5,1,1,1,4
85deba7a-7846-4c64-8feb-b986858d5ad6,2,4,3,3,1
85deba7a-7846-4c64-8feb-b986858d5ad6,2,2,1,5,4
85deba7a-7846-4c64-8feb-b986858d5ad6,2,3,5,4,3
50abe669-c6bb-4728-9c9a-3b9b08869b27,1,5,4,1,2
50abe669-c6bb-4728-9c9a-3b9b08869b27,4,4,1,5,1
50abe669-c6bb-4728-9c9a-3b9b08869b27,1,3,2,1,1
50abe669-c6bb-4728-9c9a-3b9b08869b27,2,4,1,5,5
50abe669-c6bb-4728-9c9a-3b9b08869b27,2,1,2,3,5
253fdb98-c486-42e7-812a-c89e0c43943c,5,1,2,2,3
253fdb98-c486-42e7-812a-c89e0c43943c,1,1,5,5,1
253fdb98-c486-42e7-812a-c89e0c43943c,4,2,4,5,1
253fdb98-c486-42e7-812a-c89e0c43943c,1,2,3,2,4
253fdb98-c486-42e7-812a-c89e0c43943c,4,2,1,5,1
186cb7ea-c55c-4637-a85e-f502e7849f1a,5,2,3,2,4
186cb7ea-c55c-4637-a85e-f502e7849f1a,3,3,4,3,3
186cb7ea-c55c-4637-a85e-f502e7849f1a,5,3,4,2,5
186cb7ea-c55c-4637-a85e-f502e7849f1a,5,4,1,4,3
186cb7ea-c55c-4637-a85e-f502e7849f1a,2,3,3,1,2
d6100b43-4133-41ef-a2c2-595d914ce63a,1,5,3,1,4
d6100b43-4133-41ef-a2c2-595d914ce63a,5,3,5,2,5
d6100b43-4133-41ef-a2c2-595d914ce63a,4,4,3,3,1
d6100b43-4133-41ef-a2c2-595d914ce63a,5,3,5,1,5
d6100b43-4133-41ef-a2c2-595d914ce63a,5,1,3,5,5
408e5f10-7b03-4308-bddf-ba2bdaf48dc2,5,3,2,3,2
408e5f10-7b03-4308-bddf-ba2bdaf48dc2,2,2,3,4,1
408e5f10-7b03-4308-bddf-ba2bdaf48dc2,3,4,2,3,1
408e5f10-7b03-4308-bddf-ba2bdaf48dc2,4,3,4,2,2
408e5f10-7b03-4308-bddf-ba2bdaf48dc2,1,5,4,1,1
999a1bcd-90e6-444e-b172-933c6f805b30,1,1,5,5,2
999a1bcd-90e6-444e-b172-933c6f805b30,1,4,2,5,2
999a1bcd-90e6-444e-b172-933c6f805b30,2,1,5,5,3
999a1bcd-90e6-444e-b172-933c6f805b30,3,1,5,3,3
999a1bcd-90e6-444e-b172-933c6f805b30,4,4,3,3,4
8dd8378c-eb50-4704-8b59-a80e21b83037,5,2,5,1,3
8dd8378c-eb50-4704-8b59-a80e21b83037,1,5,3,2,4
8dd8378c-eb50-4704-8b59-a80e21b83037,4,1,4,1,2
8dd8378c-eb50-4704-8b59-a80e21b83037,1,5,4,2,2
8dd8378c-eb50-4704-8b59-a80e21b83037,4,3,1,2,4
d2e515f6-b383-44ad-91c3-18a4c8a86e73,2,3,3,2,1
d2e515f6-b383-44ad-91c3-18a4c8a86e73,5,4,2,4,4
d2e515f6-b383-44ad-91c3-18a4c8a86e73,2,2,2,1,2
d2e515f6-b383-44ad-91c3-18a4c8a86e73,3,4,1,4,1
d2e515f6-b383-44ad-91c3-18a4c8a86e73,3,5,2,4,5
f25baf28-dc59-4339-a0da-df10f62b35e7,2,5,3,1,1
f25baf28-dc59-4339-a0da-df10f62b35e7,3,2,1,1,4
f25baf28-dc59-4339-a0da-df10f62b35e7,2,1,5,2,3
f25baf28-dc59-4339-a0da-df10f62b35e7,5,1,5,2,2
f25baf28-dc59-4339-a0da-df10f62b35e7,3,2,5,4,2
16c3a9fc-d8bd-4fdb-b0a2-d420aa3b6e19,1,3,5,3,5
16c3a9fc-d8bd-4fdb-b0a2-d420aa3b6e19,1,1,2,1,5
16c3a9fc-d8bd-4fdb-b0a2-d420aa3b6e19,1,2,1,3,2
16c3a9fc-d8bd-4fdb-b0a2-d420aa3b6e19,1,4,2,2,5
16c3a9fc-d8bd-4fdb-b0a2-d420aa3b6e19,1,3,4,3,2
86231c8e-88aa-43b0-b07f-5e56d2f7f4c7,4,2,2,2,3
86231c8e-88aa-43b0-b07f-5e56d2f7f4c7,1,3,4,2,3
86231c8e-88aa-43b0-b07f-5e56d2f7f4c7,5,4,5,3,5
86231c8e-88aa-43b0-b07f-5e56d2f7f4c7,5,1,5,3,3
86231c8e-88aa-43b0-b07f-5e56d2f7f4c7,2,4,1,5,1
0ef4eed6-51fe-4957-9a05-31f14d0aac2e,2,2,5,5,4
0ef4eed6-51fe-4957-9a05-31f14d0aac2e,4,1,4,1,2
0ef4eed6-51fe-4957-9a05-31f14d0aac2e,3,5,4,5,1
0ef4eed6-51fe-4957-9a05-31f14d0aac2e,1,3,5,3,5
0ef4eed6-51fe-4957-9a05-31f14d0aac2e,4,4,1,3,1
fc472caa-f7c0-47ff-a8de-2bdad7ccee76,3,4,2,2,3
fc472caa-f7c0-47ff-a8de-2bdad7ccee76,4,2,3,4,2
fc472caa-f7c0-47ff-a8de-2bdad7ccee76,5,4,1,1,4
fc472caa-f7c0-47ff-a8de-2bdad7ccee76,5,3,4,5,5
fc472caa-f7c0-47ff-a8de-2bdad7ccee76,3,4,3,4,1
1b326d12-ef6a-4a07-bc4a-a2c3018095fd,4,3,1,2,1
1b326d12-ef6a-4a07-bc4a-a2c3018095fd,2,3,5,4,2
1b326d12-ef6a-4a07-bc4a-a2c3018095fd,1,3,2,2,1
1b326d12-ef6a-4a07-bc4a-a2c3018095fd,5,5,4,1,1
1b326d12-ef6a-4a07-bc4a-a2c3018095fd,3,3,5,5,1
79bb1795-832f-495d-8736-35169069137f,5,5,5,4,5
79bb1795-832f-495d-8736-35169069137f,1,3,3,5,1
79bb1795-832f-495d-8736-35169069137f,5,3,1,4,1
79bb1795-832f-495d-8736-35169069137f,1,1,2,3,5
79bb1795-832f-495d-8736-35169069137f,4,2,2,2,2
29e137a6-757c-41ff-a485-adc52a26965f,4,4,4,3,4
29e137a6-757c-41ff-a485-adc52a26965f,1,2,2,2,4
29e137a6-757c-41ff-a485-adc52a26965f,2,4,2,3,3
29e137a6-757c-41ff-a485-adc52a26965f,3,5,1,3,3
29e137a6-757c-41ff-a485-adc52a26965f,4,2,4,1,4
39cc7926-8a79-4feb-ba9e-0d8001b8a3dc,2,2,3,2,3
39cc7926-8a79-4feb-ba9e-0d8001b8a3dc,1,3,1,4,5
39cc7926-8a79-4feb-ba9e-0d8001b8a3dc,1,3,3,5,5
39cc7926-8a79-4feb-ba9e-0d8001b8a3dc,2,3,1,2,5
39cc7926-8a79-4feb-ba9e-0d8001b8a3dc,2,2,2,2,4
be336596-8033-4814-b3f7-85f572b54348,3,2,5,5,5
be336596-8033-4814-b3f7-85f572b54348,4,1,4,1,5
be336596-8033-4814-b3f7-85f572b54348,5,1,2,3,2
be336596-8033-4814-b3f7-85f572b54348,3,1,5,4,5
be336596-8033-4814-b3f7-85f572b54348,4,3,1,2,2
7a0e81b6-9212-4589-b5d0-e21b699bbeac,5,4,4,2,4
7a0e81b6-9212-4589-b5d0-e21b699bbeac,3,1,5,2,1
7a0e81b6-9212-4589-b5d0-e21b699bbeac,4,3,5,2,4
7a0e81b6-9212-4589-b5d0-e21b699bbeac,2,1,4,5,4
7a0e81b6-9212-4589-b5d0-e21b699bbeac,2,3,5,1,3
2fb1b0bc-863d-41a2-9e7d-0f8b68b3efbf,5,2,5,5,3
2fb1b0bc-863d-41a2-9e7d-0f8b68b3efbf,5,1,5,4,1
2fb1b0bc-863d-41a2-9e7d-0f8b68b3efbf,3,2,4,5,1
2fb1b0bc-863d-41a2-9e7d-0f8b68b3efbf,4,1,3,2,2
2fb1b0bc-863d-41a2-9e7d-0f8b68b3efbf,2,3,2,4,4
de27f81e-f3e6-4bb6-b2a1-44899ee70ced,1,1,3,1,4
de27f81e-f3e6-4bb6-b2a1-44899ee70ced,2,5,3,1,2
de27f81e-f3e6-4bb6-b2a1-44899ee70ced,2,3,5,1,3
de27f81e-f3e6-4bb6-b2a1-44899ee70ced,5,1,2,4,3
de27f81e-f3e6-4bb6-b2a1-44899ee70ced,4,4,2,4,5
