c9c7af00-cb18-4deb-9e54-fa4120fa935f,2,4,3,4,4
c9c7af00-cb18-4deb-9e54-fa4120fa935f,3,3,3,4,3
c9c7af00-cb18-4deb-9e54-fa4120fa935f,1,1,5,1,1
c9c7af00-cb18-4deb-9e54-fa4120fa935f,5,4,3,2,4
c9c7af00-cb18-4deb-9e54-fa4120fa935f,5,5,3,5,4
994c95da-7122-4ddd-8fbe-e4e7ce127ee4,1,2,1,3,3
994c95da-7122-4ddd-8fbe-e4e7ce127ee4,2,5,4,5,5
994c95da-7122-4ddd-8fbe-e4e7ce127ee4,2,3,1,4,2
994c95da-7122-4ddd-8fbe-e4e7ce127ee4,3,3,3,1,1
994c95da-7122-4ddd-8fbe-e4e7ce127ee4,1,3,5,2,5
2d3450b0-1309-4b5d-bf43-19296c94481e,1,2,4,4,2
2d3450b0-1309-4b5d-bf43-19296c94481e,5,3,5,4,4
2d3450b0-1309-4b5d-bf43-19296c94481e,2,2,4,3,4
2d3450b0-1309-4b5d-bf43-19296c94481e,4,3,2,4,4
2d3450b0-1309-4b5d-bf43-19296c94481e,3,4,4,1,3
51eee1c6-7e1d-4542-b3f8-a42a043cd6c0,5,3,4,3,1
51eee1c6-7e1d-4542-b3f8-a42a043cd6c0,3,4,4,3,2
51eee1c6-7e1d-4542-b3f8-a42a043cd6c0,2,4,2,1,1
51eee1c6-7e1d-4542-b3f8-a42a043cd6c0,1,3,5,5,4
51eee1c6-7e1d-4542-b3f8-a42a043cd6c0,4,2,5,3,5
6869e6e8-039a-41da-93ad-33837fd55d66,5,3,5,5,2
6869e6e8-039a-41da-93ad-33837fd55d66,3,4,4,1,4
6869e6e8-039a-41da-93ad-33837fd55d66,5,3,2,1,1
6869e6e8-039a-41da-93ad-33837fd55d66,1,5,5,3,5
6869e6e8-039a-41da-93ad-33837fd55d66,4,5,2,5,1
829d93f3-92c0-4313-b1dc-3509b8c41700,1,2,3,1,5
829d93f3-92c0-4313-b1dc-3509b8c41700,4,3,2,3,2
829d93f3-92c0-4313-b1dc-3509b8c41700,1,3,5,2,2
829d93f3-92c0-4313-b1dc-3509b8c41700,1,3,2,5,1
829d93f3-92c0-4313-b1dc-3509b8c41700,2,4,4,1,5
a943add9-664c-45fc-93f2-9be9ebcf3e5d,3,5,1,1,3
a943add9-664c-45fc-93f2-9be9ebcf3e5d,1,2,4,2,5
a943add9-664c-45fc-93f2-9be9ebcf3e5d,4,4,2,4,1
a943add9-664c-45fc-93f2-9be9ebcf3e5d,1,5,3,1,5
a943add9-664c-45fc-93f2-9be9ebcf3e5d,1,2,4,2,5
93309795-8890-4f28-bcc6-f6993d2a96a9,2,4,1,4,2
93309795-8890-4f28-bcc6-f6993d2a96a9,5,2,2,1,4
93309795-8890-4f28-bcc6-f6993d2a96a9,3,4,1,4,5
93309795-8890-4f28-bcc6-f6993d2a96a9,4,1,5,1,4
93309795-8890-4f28-bcc6-f6993d2a96a9,3,4,4,5,5
55b84c43-6071-4346-9010-f39250620d3d,2,5,1,3,1
55b84c43-6071-4346-9010-f39250620d3d,3,4,5,2,3
55b84c43-6071-4346-9010-f39250620d3d,1,1,4,5,2
55b84c43-6071-4346-9010-f39250620d3d,5,2,4,3,4
55b84c43-6071-4346-9010-f39250620d3d,3,4,1,1,1
582cf9f4-8390-4f5a-ab07-ee20138c14c1,3,1,3,4,1
582cf9f4-8390-4f5a-ab07-ee20138c14c1,2,2,4,4,5
582cf9f4-8390-4f5a-ab07-ee20138c14c1,5,5,5,3,1
582cf9f4-8390-4f5a-ab07-ee20138c14c1,3,5,4,4,1
582cf9f4-8390-4f5a-ab07-ee20138c14c1,3,4,1,4,3
f03dd5ef-2b2a-4264-8a5f-273a477cb856,3,1,1,1,4
f03dd5ef-2b2a-4264-8a5f-273a477cb856,5,1,1,4,5
f03dd5ef-2b2a-4264-8a5f-273a477cb856,4,2,5,1,5
f03dd5ef-2b2a-4264-8a5f-273a477cb856,2,4,3,2,1
f03dd5ef-2b2a-4264-8a5f-273a477cb856,1,1,2,3,5
0f428f03-7415-4548-aa38-03246d6c7512,3,2,4,3,1
0f428f03-7415-4548-aa38-03246d6c7512,1,2,4,4,5
0f428f03-7415-4548-aa38-03246d6c7512,4,1,1,5,4
0f428f03-7415-4548-aa38-03246d6c7512,1,5,5,2,3
0f428f03-7415-4548-aa38-03246d6c7512,2,3,4,3,4
5a866492-c4b3-4fac-944e-c238539f6a01,4,4,5,4,5
5a866492-c4b3-4fac-944e-c238539f6a01,2,2,2,1,5
5a866492-c4b3-4fac-944e-c238539f6a01,5,3,5,1,1
5a866492-c4b3-4fac-944e-c238539f6a01,1,1,1,5,4
5a866492-c4b3-4fac-944e-c238539f6a01,2,5,5,5,3
5cd1909d-275e-4f9e-b0f0-ad2604408438,5,5,1,3,2
5cd1909d-275e-4f9e-b0f0-ad2604408438,3,4,2,1,5
5cd1909d-275e-4f9e-b0f0-ad2604408438,4,2,4,4,2
5cd1909d-275e-4f9e-b0f0-ad2604408438,1,3,3,4,3
5cd1909d-275e-4f9e-b0f0-ad2604408438,3,1,4,5,5
730955b8-856d-4bfc-b033-606ac94b095f,3,4,4,4,3
730955b8-856d-4bfc-b033-606ac94b095f,2,1,5,2,3
730955b8-856d-4bfc-b033-606ac94b095f,4,1,4,1,3
730955b8-856d-4bfc-b033-606ac94b095f,2,4,1,5,5
730955b8-856d-4bfc-b033-606ac94b095f,1,2,5,3,5
827da447-7344-456d-b157-3cf277c7f3ce,4,3,1,2,2
827da447-7344-456d-b157-3cf277c7f3ce,2,2,1,2,4
827da447-7344-456d-b157-3cf277c7f3ce,1,5,3,3,2
827da447-7344-456d-b157-3cf277c7f3ce,5,4,1,2,3
827da447-7344-456d-b157-3cf277c7f3ce,1,5,5,4,4
19ea2fc9-bfac-4f9d-8d4e-b811d98cfe0c,2,1,1,3,3
19ea2fc9-bfac-4f9d-8d4e-b811d98cfe0c,4,5,2,2,3
19ea2fc9-bfac-4f9d-8d4e-b811d98cfe0c,1,4,3,2,1
19ea2fc9-bfac-4f9d-8d4e-b811d98cfe0c,5,2,2,3,3
19ea2fc9-bfac-4f9d-8d4e-b811d98cfe0c,4,3,3,1,4
93282cbc-3b83-43d3-9705-281c43a222b5,4,1,3,2,3
93282cbc-3b83-43d3-9705-281c43a222b5,5,1,3,2,4
93282cbc-3b83-43d3-9705-281c43a222b5,3,2,2,1,1
93282cbc-3b83-43d3-9705-281c43a222b5,5,2,3,2,3
93282cbc-3b83-43d3-9705-281c43a222b5,3,4,1,1,5
4ba490da-b005-46f1-84de-b4528e60b065,4,3,3,1,1
4ba490da-b005-46f1-84de-b4528e60b065,2,4,2,3,3
4ba490da-b005-46f1-84de-b4528e60b065,2,5,3,3,1
4ba490da-b005-46f1-84de-b4528e60b065,1,5,1,4,4
4ba490da-b005-46f1-84de-b4528e60b065,1,3,4,1,3
f6630144-1f19-4c39-8f57-a00e73c0a68f,2,2,4,5,4
f6630144-1f19-4c39-8f57-a00e73c0a68f,5,4,3,2,2
f6630144-1f19-4c39-8f57-a00e73c0a68f,4,3,4,4,2
f6630144-1f19-4c39-8f57-a00e73c0a68f,5,2,5,2,1
f6630144-1f19-4c39-8f57-a00e73c0a68f,5,5,3,3,2
3f6b50ef-7363-429b-9bc6-c0b071e28477,4,3,3,5,2
3f6b50ef-7363-429b-9bc6-c0b071e28477,4,5,4,2,1
3f6b50ef-7363-429b-9bc6-c0b071e28477,3,3,4,2,3
3f6b50ef-7363-429b-9bc6-c0b071e28477,1,5,5,2,3
3f6b50ef-7363-429b-9bc6-c0b071e28477,2,2,2,4,5
d09a815c-1b83-49b5-967b-480d02937acd,5,4,4,2,5
d09a815c-1b83-49b5-967b-480d02937acd,5,3,2,4,5
d09a815c-1b83-49b5-967b-480d02937acd,4,1,3,1,1
d09a815c-1b83-49b5-967b-480d02937acd,4,2,3,1,4
d09a815c-1b83-49b5-967b-480d02937acd,4,1,1,3,3
ddb314ca-a43c-4677-bf2a-3c5472c1c40b,3,4,5,4,3
ddb314ca-a43c-4677-bf2a-3c5472c1c40b,3,3,2,4,4
ddb314ca-a43c-4677-bf2a-3c5472c1c40b,3,5,1,3,5
ddb314ca-a43c-4677-bf2a-3c5472c1c40b,3,4,2,3,4
ddb314ca-a43c-4677-bf2a-3c5472c1c40b,5,3,3,3,3
88569b47-dabd-489c-940b-14dbed8bba1b,3,3,5,2,5
88569b47-dabd-489c-940b-14dbed8bba1b,5,3,1,1,1
88569b47-dabd-489c-940b-14dbed8bba1b,5,2,4,5,1
88569b47-dabd-489c-940b-14dbed8bba1b,3,3,2,3,1
88569b47-dabd-489c-940b-14dbed8bba1b,3,4,1,2,3
95f865a6-873e-4873-9630-8441202d6fb7,2,1,1,5,2
95f865a6-873e-4873-9630-8441202d6fb7,2,4,5,3,3
95f865a6-873e-4873-9630-8441202d6fb7,4,2,3,3,2
95f865a6-873e-4873-9630-8441202d6fb7,1,4,5,3,4
95f865a6-873e-4873-9630-8441202d6fb7,5,2,5,1,1
284d019d-ed59-4ed9-a721-9ec48605a80a,3,1,2,3,1
284d019d-ed59-4ed9-a721-9ec48605a80a,1,1,1,3,5
284d019d-ed59-4ed9-a721-9ec48605a80a,2,5,3,4,4
284d019d-ed59-4ed9-a721-9ec48605a80a,5,2,5,5,4
284d019d-ed59-4ed9-a721-9ec48605a80a,4,1,5,4,3
f1474100-de81-47c1-bdb5-6e050738e214,3,5,5,5,1
f1474100-de81-47c1-bdb5-6e050738e214,5,5,3,1,2
f1474100-de81-47c1-bdb5-6e050738e214,1,3,2,4,3
f1474100-de81-47c1-bdb5-6e050738e214,1,1,4,1,2
f1474100-de81-47c1-bdb5-6e050738e214,5,3,5,3,2
cc1a331c-8793-4dd4-b5d7-69186078249a,2,2,1,4,3
cc1a331c-8793-4dd4-b5d7-69186078249a,2,4,1,2,1
cc1a331c-8793-4dd4-b5d7-69186078249a,2,2,1,2,4
cc1a331c-8793-4dd4-b5d7-69186078249a,3,5,1,2,4
cc1a331c-8793-4dd4-b5d7-69186078249a,2,5,4,4,1
44d9c1a9-edc3-498f-b940-3b5dab9b8935,2,5,5,4,4
44d9c1a9-edc3-498f-b940-3b5dab9b8935,2,1,4,5,3
44d9c1a9-edc3-498f-b940-3b5dab9b8935,2,1,2,4,5
44d9c1a9-edc3-498f-b940-3b5dab9b8935,5,3,3,3,2
44d9c1a9-edc3-498f-b940-3b5dab9b8935,5,2,2,4,3
d6ee8e6a-236b-4446-80b0-83f0a9eb0df6,5,3,2,1,5
d6ee8e6a-236b-4446-80b0-83f0a9eb0df6,2,2,5,2,3
d6ee8e6a-236b-4446-80b0-83f0a9eb0df6,3,1,1,3,1
d6ee8e6a-236b-4446-80b0-83f0a9eb0df6,3,4,3,1,3
d6ee8e6a-236b-4446-80b0-83f0a9eb0df6,5,3,1,5,3
9a97f029-37f8-4e4e-9c14-1ac175e55b78,4,2,1,3,1
9a97f029-37f8-4e4e-9c14-1ac175e55b78,2,2,2,2,4
9a97f029-37f8-4e4e-9c14-1ac175e55b78,1,5,2,5,3
9a97f029-37f8-4e4e-9c14-1ac175e55b78,4,5,3,4,4
9a97f029-37f8-4e4e-9c14-1ac175e55b78,1,2,1,4,4
b4ec1937-195d-47ff-a3b3-cb99cde59c6e,4,3,5,5,5
b4ec1937-195d-47ff-a3b3-cb99cde59c6e,3,5,4,4,5
b4ec1937-195d-47ff-a3b3-cb99cde59c6e,5,5,2,4,2
b4ec1937-195d-47ff-a3b3-cb99cde59c6e,1,1,3,2,1
b4ec1937-195d-47ff-a3b3-cb99cde59c6e,5,2,3,4,3
819d3fe5-db1e-4d02-b33e-6dadc964051d,2,4,5,2,3
819d3fe5-db1e-4d02-b33e-6dadc964051d,3,3,2,3,1
819d3fe5-db1e-4d02-b33e-6dadc964051d,5,2,2,4,1
819d3fe5-db1e-4d02-b33e-6dadc964051d,4,2,2,3,2
819d3fe5-db1e-4d02-b33e-6dadc964051d,5,2,3,5,5
348e65af-6629-4a9c-b90c-27472d33cc20,3,3,5,5,2
348e65af-6629-4a9c-b90c-27472d33cc20,1,1,3,4,1
348e65af-6629-4a9c-b90c-27472d33cc20,1,2,1,4,2
348e65af-6629-4a9c-b90c-27472d33cc20,1,2,4,2,2
348e65af-6629-4a9c-b90c-27472d33cc20,1,5,1,2,3
9b08058d-2422-426c-937e-174df01ef467,5,5,2,1,3
9b08058d-2422-426c-937e-174df01ef467,3,3,2,1,2
9b08058d-2422-426c-937e-174df01ef467,3,4,3,5,2
9b08058d-2422-426c-937e-174df01ef467,2,2,5,4,5
9b08058d-2422-426c-937e-174df01ef467,2,1,3,5,3
8362f365-fcd2-4eb3-a046-ba6e7e93aaa5,3,4,1,2,4
8362f365-fcd2-4eb3-a046-ba6e7e93aaa5,2,1,5,4,5
8362f365-fcd2-4eb3-a046-ba6e7e93aaa5,3,3,5,1,4
8362f365-fcd2-4eb3-a046-ba6e7e93aaa5,3,4,3,3,4
8362f365-fcd2-4eb3-a046-ba6e7e93aaa5,2,1,4,4,4
8fa7a527-8df8-45a7-badc-c6f73023aac4,1,5,2,1,3
8fa7a527-8df8-45a7-badc-c6f73023aac4,1,2,5,3,2
8fa7a527-8df8-45a7-badc-c6f73023aac4,3,4,4,2,3
8fa7a527-8df8-45a7-badc-c6f73023aac4,1,5,1,4,3
8fa7a527-8df8-45a7-badc-c6f73023aac4,4,5,2,3,5
50dde746-e183-46c1-bd00-571d5a55b2de,4,5,2,1,4
50dde746-e183-46c1-bd00-571d5a55b2de,1,4,3,3,5
50dde746-e183-46c1-bd00-571d5a55b2de,2,1,1,1,5
50dde746-e183-46c1-bd00-571d5a55b2de,5,3,2,4,3
50dde746-e183-46c1-bd00-571d5a55b2de,1,2,1,5,3
c4ca2a27-bc92-4419-a3c4-aa3308e83d85,4,4,5,3,3
c4ca2a27-bc92-4419-a3c4-aa3308e83d85,5,2,2,4,1
c4ca2a27-bc92-4419-a3c4-aa3308e83d85,4,4,5,1,3
c4ca2a27-bc92-4419-a3c4-aa3308e83d85,3,3,5,3,4
c4ca2a27-bc92-4419-a3c4-aa3308e83d85,1,1,4,2,1
58d9922d-9767-4f58-afef-232b4b7c3490,4,4,4,1,4
58d9922d-9767-4f58-afef-232b4b7c3490,1,1,4,5,3
58d9922d-9767-4f58-afef-232b4b7c3490,3,5,3,4,5
58d9922d-9767-4f58-afef-232b4b7c3490,1,1,5,2,5
58d9922d-9767-4f58-afef-232b4b7c3490,1,5,5,3,1
b063f812-b5c3-4082-bfe2-941caaa0d3c5,2,1,1,3,2
b063f812-b5c3-4082-bfe2-941caaa0d3c5,3,4,5,5,1
b063f812-b5c3-4082-bfe2-941caaa0d3c5,3,2,2,4,1
b063f812-b5c3-4082-bfe2-941caaa0d3c5,2,3,5,1,3
b063f812-b5c3-4082-bfe2-941caaa0d3c5,1,4,4,1,3
a864adc3-7e77-45db-ba0d-360653518889,3,5,3,4,2
a864adc3-7e77-45db-ba0d-360653518889,3,5,3,2,5
a864adc3-7e77-45db-ba0d-360653518889,5,4,5,4,2
a864adc3-7e77-45db-ba0d-360653518889,2,3,3,3,2
a864adc3-7e77-45db-ba0d-360653518889,2,3,2,3,3
8f31ca71-d8e6-42b6-96e7-73e64c71a944,1,3,3,3,3
8f31ca71-d8e6-42b6-96e7-73e64c71a944,2,1,2,5,1
8f31ca71-d8e6-42b6-96e7-73e64c71a944,3,1,3,4,2
8f31ca71-d8e6-42b6-96e7-73e64c71a944,1,4,4,2,1
8f31ca71-d8e6-42b6-96e7-73e64c71a944,2,3,4,5,4
43051a42-249e-4cc7-9ae6-262452f019fb,2,5,3,2,2
43051a42-249e-4cc7-9ae6-262452f019fb,3,3,3,3,3
43051a42-249e-4cc7-9ae6-262452f019fb,5,1,3,4,1
43051a42-249e-4cc7-9ae6-262452f019fb,5,1,4,3,5
43051a42-249e-4cc7-9ae6-262452f019fb,3,1,5,1,4
828a28da-db92-41a4-a7d7-c5aa5216f995,5,3,1,1,2
828a28da-db92-41a4-a7d7-c5aa5216f995,3,4,1,1,5
828a28da-db92-41a4-a7d7-c5aa5216f995,5,3,2,5,1
828a28da-db92-41a4-a7d7-c5aa5216f995,2,2,1,1,3
828a28da-db92-41a4-a7d7-c5aa5216f995,3,4,1,5,3
7a0a07a1-dbbe-4860-bc4a-1ea22f2992f4,2,3,3,1,4
7a0a07a1-dbbe-4860-bc4a-1ea22f2992f4,5,2,4,2,4
7a0a07a1-dbbe-4860-bc4a-1ea22f2992f4,3,2,5,3,2
7a0a07a1-dbbe-4860-bc4a-1ea22f2992f4,5,2,2,2,2
7a0a07a1-dbbe-4860-bc4a-1ea22f2992f4,4,5,5,3,2
6443f663-26ee-48ed-98ab-2fde243198f1,5,3,2,4,5
6443f663-26ee-48ed-98ab-2fde243198f1,3,4,3,4,4
6443f663-26ee-48ed-98ab-2fde243198f1,5,1,2,1,4
6443f663-26ee-48ed-98ab-2fde243198f1,2,4,1,4,5
6443f663-26ee-48ed-98ab-2fde243198f1,2,2,3,3,4
29ee586e-d7d6-4424-b494-3441b11b7143,5,5,3,3,2
29ee586e-d7d6-4424-b494-3441b11b7143,5,5,5,5,1
29ee586e-d7d6-4424-b494-3441b11b7143,5,3,1,3,1
29ee586e-d7d6-4424-b494-3441b11b7143,5,2,4,5,5
29ee586e-d7d6-4424-b494-3441b11b7143,3,5,2,1,5
3d0f9b51-cb3c-4290-8299-6e5b2d84116e,4,2,2,2,3
3d0f9b51-cb3c-4290-8299-6e5b2d84116e,1,1,3,2,3
3d0f9b51-cb3c-4290-8299-6e5b2d84116e,2,1,1,3,2
3d0f9b51-cb3c-4290-8299-6e5b2d84116e,2,1,2,2,5
3d0f9b51-cb3c-4290-8299-6e5b2d84116e,2,4,2,4,3
8f49697c-f748-4fb3-ba2e-4225b29b9c7f,2,3,3,2,5
8f49697c-f748-4fb3-ba2e-4225b29b9c7f,3,4,2,4,2
8f49697c-f748-4fb3-ba2e-4225b29b9c7f,1,5,4,2,5
8f49697c-f748-4fb3-ba2e-4225b29b9c7f,4,5,5,3,2
8f49697c-f748-4fb3-ba2e-4225b29b9c7f,2,2,4,3,2
457e4820-e821-4b4b-9ece-afdeb66f7621,3,4,1,5,1
457e4820-e821-4b4b-9ece-afdeb66f7621,1,2,5,3,5
457e4820-e821-4b4b-9ece-afdeb66f7621,3,1,5,1,4
457e4820-e821-4b4b-9ece-afdeb66f7621,4,4,1,5,5
457e4820-e821-4b4b-9ece-afdeb66f7621,1,5,2,4,2
22d92aa9-72c3-46f3-8312-6f0404ea692a,4,3,4,2,4
22d92aa9-72c3-46f3-8312-6f0404ea692a,1,3,5,4,5
22d92aa9-72c3-46f3-8312-6f0404ea692a,2,2,5,5,3
22d92aa9-72c3-46f3-8312-6f0404ea692a,4,4,2,1,1
22d92aa9-72c3-46f3-8312-6f0404ea692a,4,5,3,3,5
5bdfc7ec-d5f3-4f56-b7a9-49fbae373d7c,5,5,5,5,2
5bdfc7ec-d5f3-4f56-b7a9-49fbae373d7c,5,3,3,3,4
5bdfc7ec-d5f3-4f56-b7a9-49fbae373d7c,2,4,5,3,2
5bdfc7ec-d5f3-4f56-b7a9-49fbae373d7c,5,1,1,2,1
5bdfc7ec-d5f3-4f56-b7a9-49fbae373d7c,4,5,4,4,4
aa5613c1-7574-48e6-901b-01dfdf6cf4ab,1,3,3,1,2
aa5613c1-7574-48e6-901b-01dfdf6cf4ab,3,2,1,3,4
aa5613c1-7574-48e6-901b-01dfdf6cf4ab,1,2,5,5,1
aa5613c1-7574-48e6-901b-01dfdf6cf4ab,4,4,5,4,5
aa5613c1-7574-48e6-901b-01dfdf6cf4ab,4,1,5,3,4
22a0ad05-1f1c-45c4-a8c4-948c62502389,3,4,5,3,2
22a0ad05-1f1c-45c4-a8c4-948c62502389,1,2,5,2,2
22a0ad05-1f1c-45c4-a8c4-948c62502389,3,5,5,4,4
22a0ad05-1f1c-45c4-a8c4-948c62502389,5,2,3,1,3
22a0ad05-1f1c-45c4-a8c4-948c62502389,1,4,1,5,1
e7f75cc5-d990-43cf-9c3f-13d3bc07e3c8,2,4,3,3,1
e7f75cc5-d990-43cf-9c3f-13d3bc07e3c8,1,4,3,1,4
e7f75cc5-d990-43cf-9c3f-13d3bc07e3c8,4,4,3,3,4
e7f75cc5-d990-43cf-9c3f-13d3bc07e3c8,2,5,4,5,4
e7f75cc5-d990-43cf-9c3f-13d3bc07e3c8,3,2,3,1,1
ffcc0f53-d8a6-4124-bedd-7e5d455e90f1,3,1,2,3,3
ffcc0f53-d8a6-4124-bedd-7e5d455e90f1,5,3,5,2,5
ffcc0f53-d8a6-4124-bedd-7e5d455e90f1,3,4,2,3,1
ffcc0f53-d8a6-4124-bedd-7e5d455e90f1,5,2,3,2,5
ffcc0f53-d8a6-4124-bedd-7e5d455e90f1,5,1,1,3,4
09432bc6-f4b4-4248-b9e9-77e98c66250b,4,2,3,5,4
09432bc6-f4b4-4248-b9e9-77e98c66250b,5,5,4,2,2
09432bc6-f4b4-4248-b9e9-77e98c66250b,1,4,5,5,5
09432bc6-f4b4-4248-b9e9-77e98c66250b,5,1,3,5,3
09432bc6-f4b4-4248-b9e9-77e98c66250b,4,1,3,2,1
17ba9b01-b731-4aa4-a315-59996310c249,5,2,1,1,1
17ba9b01-b731-4aa4-a315-59996310c249,4,4,4,1,2
17ba9b01-b731-4aa4-a315-59996310c249,4,3,1,4,3
17ba9b01-b731-4aa4-a315-59996310c249,1,1,3,3,5
17ba9b01-b731-4aa4-a315-59996310c249,2,4,3,1,1
a3d60c54-1bc9-4c19-bbfc-ad8902b7813a,1,2,2,3,1
a3d60c54-1bc9-4c19-bbfc-ad8902b7813a,2,2,5,2,3
a3d60c54-1bc9-4c19-bbfc-ad8902b7813a,2,4,3,3,4
a3d60c54-1bc9-4c19-bbfc-ad8902b7813a,2,4,4,1,2
a3d60c54-1bc9-4c19-bbfc-ad8902b7813a,4,5,1,3,4
0d882b07-3a06-4e6d-91a1-3300f44da4e4,1,4,2,3,2
0d882b07-3a06-4e6d-91a1-3300f44da4e4,5,5,2,2,3
0d882b07-3a06-4e6d-91a1-3300f44da4e4,4,2,3,3,4
0d882b07-3a06-4e6d-91a1-3300f44da4e4,4,4,3,4,1
0d882b07-3a06-4e6d-91a1-3300f44da4e4,2,2,1,5,2
91cb3fce-e749-4cf1-a3eb-4f8ff99dcd77,1,3,3,3,3
91cb3fce-e749-4cf1-a3eb-4f8ff99dcd77,5,2,1,2,5
91cb3fce-e749-4cf1-a3eb-4f8ff99dcd77,3,2,5,5,5
91cb3fce-e749-4cf1-a3eb-4f8ff99dcd77,2,5,1,2,4
91cb3fce-e749-4cf1-a3eb-4f8ff99dcd77,5,5,5,2,2
693271f4-8673-4e9c-b7ea-41f6250e191b,1,4,4,5,2
693271f4-8673-4e9c-b7ea-41f6250e191b,5,3,2,1,3
693271f4-8673-4e9c-b7ea-41f6250e191b,2,5,4,4,3
693271f4-8673-4e9c-b7ea-41f6250e191b,5,2,2,3,3
693271f4-8673-4e9c-b7ea-41f6250e191b,3,2,4,2,2
7897b734-be5a-4b39-ab29-94be463190c3,4,5,2,4,1
7897b734-be5a-4b39-ab29-94be463190c3,4,3,5,4,2
7897b734-be5a-4b39-ab29-94be463190c3,2,4,4,4,5
7897b734-be5a-4b39-ab29-94be463190c3,1,3,4,2,1
7897b734-be5a-4b39-ab29-94be463190c3,1,5,3,1,3
97318f82-d9f2-41d5-ad19-66e707aa277d,1,4,5,4,1
97318f82-d9f2-41d5-ad19-66e707aa277d,2,5,3,2,3
97318f82-d9f2-41d5-ad19-66e707aa277d,4,5,5,3,5
97318f82-d9f2-41d5-ad19-66e707aa277d,5,3,1,1,3
97318f82-d9f2-41d5-ad19-66e707aa277d,4,3,5,1,4
5223d05b-0297-41cb-93bc-cad83e2b6798,4,1,1,2,5
5223d05b-0297-41cb-93bc-cad83e2b6798,5,1,2,5,2
5223d05b-0297-41cb-93bc-cad83e2b6798,3,3,2,4,3
5223d05b-0297-41cb-93bc-cad83e2b6798,4,1,1,2,1
5223d05b-0297-41cb-93bc-cad83e2b6798,2,3,1,3,1
4f17792a-db84-44c1-9986-3ca535b4a0c5,1,4,5,2,2
4f17792a-db84-44c1-9986-3ca535b4a0c5,1,1,4,2,5
4f17792a-db84-44c1-9986-3ca535b4a0c5,1,1,4,4,1
4f17792a-db84-44c1-9986-3ca535b4a0c5,3,5,5,4,4
4f17792a-db84-44c1-9986-3ca535b4a0c5,1,1,3,1,3
0dccd5fe-dabf-45a3-bcff-172fe9e517b1,5,1,3,1,5
0dccd5fe-dabf-45a3-bcff-172fe9e517b1,1,2,3,4,2
0dccd5fe-dabf-45a3-bcff-172fe9e517b1,1,1,4,3,1
0dccd5fe-dabf-45a3-bcff-172fe9e517b1,1,3,1,2,5
0dccd5fe-dabf-45a3-bcff-172fe9e517b1,2,2,3,2,1
a9021979-6e81-406e-8895-2c15a3911b87,5,2,2,2,1
a9021979-6e81-406e-8895-2c15a3911b87,1,5,5,4,1
a9021979-6e81-406e-8895-2c15a3911b87,4,1,4,5,2
a9021979-6e81-406e-8895-2c15a3911b87,2,5,1,5,3
a9021979-6e81-406e-8895-2c15a3911b87,3,1,4,5,3
5929e537-403c-4007-be71-4ee5dedb3bb5,4,3,2,3,1
5929e537-403c-4007-be71-4ee5dedb3bb5,1,1,3,1,4
5929e537-403c-4007-be71-4ee5dedb3bb5,1,4,5,5,3
5929e537-403c-4007-be71-4ee5dedb3bb5,1,4,2,4,3
5929e537-403c-4007-be71-4ee5dedb3bb5,1,2,2,5,2
d8f65fd9-50e0-4820-9f9f-296bd50da223,3,1,3,2,1
d8f65fd9-50e0-4820-9f9f-296bd50da223,4,4,1,5,3
d8f65fd9-50e0-4820-9f9f-296bd50da223,1,5,5,4,1
d8f65fd9-50e0-4820-9f9f-296bd50da223,4,4,3,2,4
d8f65fd9-50e0-4820-9f9f-296bd50da223,2,4,2,4,1
98d574c1-0d6a-48c3-b00d-c5d73f212188,2,4,4,1,5
98d574c1-0d6a-48c3-b00d-c5d73f212188,5,2,4,4,3
98d574c1-0d6a-48c3-b00d-c5d73f212188,3,3,5,3,4
98d574c1-0d6a-48c3-b00d-c5d73f212188,3,1,3,1,1
98d574c1-0d6a-48c3-b00d-c5d73f212188,5,5,5,5,2
1acb5349-63f9-4acf-98b0-fc5f43c08f4e,2,5,2,1,5
1acb5349-63f9-4acf-98b0-fc5f43c08f4e,2,4,5,3,2
1acb5349-63f9-4acf-98b0-fc5f43c08f4e,5,3,5,2,4
1acb5349-63f9-4acf-98b0-fc5f43c08f4e,5,5,3,4,3
1acb5349-63f9-4acf-98b0-fc5f43c08f4e,5,2,3,5,1
bb60f79f-6c4a-44c7-9e7f-c4c6625d91f5,1,3,4,5,3
bb60f79f-6c4a-44c7-9e7f-c4c6625d91f5,1,2,2,5,2
bb60f79f-6c4a-44c7-9e7f-c4c6625d91f5,1,4,2,3,1
bb60f79f-6c4a-44c7-9e7f-c4c6625d91f5,2,2,2,2,2
bb60f79f-6c4a-44c7-9e7f-c4c6625d91f5,1,1,2,2,1
b5b73f23-b39e-45f5-98ad-57728b7de85b,1,3,5,3,5
b5b73f23-b39e-45f5-98ad-57728b7de85b,1,2,5,2,1
b5b73f23-b39e-45f5-98ad-57728b7de85b,1,5,3,4,2
b5b73f23-b39e-45f5-98ad-57728b7de85b,2,3,4,1,3
b5b73f23-b39e-45f5-98ad-57728b7de85b,5,2,1,1,2
754aec19-bedc-4a1e-a9a1-be930eb383f9,1,3,1,3,4
754aec19-bedc-4a1e-a9a1-be930eb383f9,4,5,3,1,3
754aec19-bedc-4a1e-a9a1-be930eb383f9,4,4,1,3,4
754aec19-bedc-4a1e-a9a1-be930eb383f9,5,4,2,4,4
754aec19-bedc-4a1e-a9a1-be930eb383f9,2,2,5,2,5
f969801a-26c6-498e-9cff-480b3e1ac24c,4,5,3,1,4
f969801a-26c6-498e-9cff-480b3e1ac24c,2,1,1,3,3
f969801a-26c6-498e-9cff-480b3e1ac24c,3,3,1,4,1
f969801a-26c6-498e-9cff-480b3e1ac24c,1,2,4,2,1
f969801a-26c6-498e-9cff-480b3e1ac24c,1,3,4,5,1
44f38588-2a63-430d-a8b1-88ccf9aff6dc,4,2,4,1,1
44f38588-2a63-430d-a8b1-88ccf9aff6dc,3,1,4,4,5
44f38588-2a63-430d-a8b1-88ccf9aff6dc,5,5,2,3,5
44f38588-2a63-430d-a8b1-88ccf9aff6dc,3,1,4,1,1
44f38588-2a63-430d-a8b1-88ccf9aff6dc,4,1,2,5,4
3adaf6dd-4a51-41f1-8830-7bcb76c46840,1,1,1,5,4
3adaf6dd-4a51-41f1-8830-7bcb76c46840,5,3,4,5,5
3adaf6dd-4a51-41f1-8830-7bcb76c46840,1,1,1,1,1
3adaf6dd-4a51-41f1-8830-7bcb76c46840,3,3,5,5,5
3adaf6dd-4a51-41f1-8830-7bcb76c46840,3,1,4,4,5
98640f5d-df05-45de-a77d-04198cff1595,4,3,2,4,3
98640f5d-df05-45de-a77d-04198cff1595,3,4,4,4,5
98640f5d-df05-45de-a77d-04198cff1595,3,3,3,3,5
98640f5d-df05-45de-a77d-04198cff1595,5,4,4,1,2
98640f5d-df05-45de-a77d-04198cff1595,1,3,1,2,1
0a203cba-7c9c-46e2-9236-c5109cd8903c,4,5,3,1,4
0a203cba-7c9c-46e2-9236-c5109cd8903c,2,1,5,1,1
0a203cba-7c9c-46e2-9236-c5109cd8903c,5,5,4,5,2
0a203cba-7c9c-46e2-9236-c5109cd8903c,1,2,5,5,5
0a203cba-7c9c-46e2-9236-c5109cd8903c,4,4,2,5,1
7cdb8f94-fd9c-435a-a229-8af3f3415c48,4,4,2,3,3
7cdb8f94-fd9c-435a-a229-8af3f3415c48,4,2,2,1,5
7cdb8f94-fd9c-435a-a229-8af3f3415c48,1,1,5,3,4
7cdb8f94-fd9c-435a-a229-8af3f3415c48,2,2,2,3,4
7cdb8f94-fd9c-435a-a229-8af3f3415c48,5,5,2,3,2
bfa2a9c4-ed9a-4f49-83f2-f435cbdd9176,2,3,2,2,4
bfa2a9c4-ed9a-4f49-83f2-f435cbdd9176,4,4,5,3,1
bfa2a9c4-ed9a-4f49-83f2-f435cbdd9176,2,4,1,5,4
bfa2a9c4-ed9a-4f49-83f2-f435cbdd9176,1,4,2,3,2
bfa2a9c4-ed9a-4f49-83f2-f435cbdd9176,1,5,4,5,2
c980528f-bcc8-4811-b518-0aec27dd0680,5,2,3,4,4
c980528f-bcc8-4811-b518-0aec27dd0680,5,2,5,2,3
c980528f-bcc8-4811-b518-0aec27dd0680,2,2,3,3,2
c980528f-bcc8-4811-b518-0aec27dd0680,5,1,1,2,4
c980528f-bcc8-4811-b518-0aec27dd0680,2,4,2,1,3
2e57884f-7e7e-4085-8e5b-0b2fba5988fd,2,4,5,2,5
2e57884f-7e7e-4085-8e5b-0b2fba5988fd,3,3,2,1,5
2e57884f-7e7e-4085-8e5b-0b2fba5988fd,5,2,5,5,1
2e57884f-7e7e-4085-8e5b-0b2fba5988fd,2,3,2,2,2
2e57884f-7e7e-4085-8e5b-0b2fba5988fd,2,2,4,4,1
228c7e5e-5f32-47ef-a6d9-fdc75e8bbf02,2,1,3,2,2
228c7e5e-5f32-47ef-a6d9-fdc75e8bbf02,4,1,3,1,3
228c7e5e-5f32-47ef-a6d9-fdc75e8bbf02,5,4,3,5,3
228c7e5e-5f32-47ef-a6d9-fdc75e8bbf02,5,4,1,2,3
228c7e5e-5f32-47ef-a6d9-fdc75e8bbf02,3,3,3,3,5
3da7bd26-9a85-4d9f-8149-f32178d55c64,2,4,4,1,1
3da7bd26-9a85-4d9f-8149-f32178d55c64,4,3,3,3,1
3da7bd26-9a85-4d9f-8149-f32178d55c64,2,3,2,5,5
3da7bd26-9a85-4d9f-8149-f32178d55c64,5,5,4,5,3
3da7bd26-9a85-4d9f-8149-f32178d55c64,2,3,3,2,3
efee325f-6356-4336-9444-cc5a4f561a11,4,2,1,3,5
efee325f-6356-4336-9444-cc5a4f561a11,4,4,2,3,3
efee325f-6356-4336-9444-cc5a4f561a11,4,4,4,5,2
efee325f-6356-4336-9444-cc5a4f561a11,4,5,5,5,4
efee325f-6356-4336-9444-cc5a4f561a11,5,3,4,1,4
37c24b38-dd46-409b-8d13-55416e99aae3,2,2,1,2,4
37c24b38-dd46-409b-8d13-55416e99aae3,5,1,2,3,2
37c24b38-dd46-409b-8d13-55416e99aae3,3,2,3,5,4
37c24b38-dd46-409b-8d13-55416e99aae3,3,2,3,2,3
37c24b38-dd46-409b-8d13-55416e99aae3,3,5,1,1,4
c93c45e6-c2cb-41e5-b577-dc6fdf725117,3,3,4,2,2
c93c45e6-c2cb-41e5-b577-dc6fdf725117,3,2,3,3,1
c93c45e6-c2cb-41e5-b577-dc6fdf725117,2,3,5,5,3
c93c45e6-c2cb-41e5-b577-dc6fdf725117,5,2,3,2,3
c93c45e6-c2cb-41e5-b577-dc6fdf725117,4,2,1,5,4
a328e11c-e8e9-4ff4-adfe-32598314bdcf,2,4,1,3,1
a328e11c-e8e9-4ff4-adfe-32598314bdcf,1,5,4,2,4
a328e11c-e8e9-4ff4-adfe-32598314bdcf,3,2,3,2,1
a328e11c-e8e9-4ff4-adfe-32598314bdcf,2,1,1,1,3
a328e11c-e8e9-4ff4-adfe-32598314bdcf,1,1,2,2,2
896df7f4-5354-4441-bb03-64d1504f6425,2,2,3,4,1
896df7f4-5354-4441-bb03-64d1504f6425,2,1,5,1,2
896df7f4-5354-4441-bb03-64d1504f6425,1,1,4,4,1
896df7f4-5354-4441-bb03-64d1504f6425,4,1,4,4,4
896df7f4-5354-4441-bb03-64d1504f6425,2,1,1,1,2
db6f439e-d40c-474b-9cfe-74120178693c,5,1,2,3,2
db6f439e-d40c-474b-9cfe-74120178693c,3,2,5,2,3
db6f439e-d40c-474b-9cfe-74120178693c,2,1,4,1,1
db6f439e-d40c-474b-9cfe-74120178693c,4,5,1,4,4
db6f439e-d40c-474b-9cfe-74120178693c,4,2,3,3,1
b3110603-c3a5-4415-bf76-ef40b175ec8a,2,2,5,4,1
b3110603-c3a5-4415-bf76-ef40b175ec8a,4,3,3,5,5
b3110603-c3a5-4415-bf76-ef40b175ec8a,1,5,2,4,4
b3110603-c3a5-4415-bf76-ef40b175ec8a,5,1,5,1,1
b3110603-c3a5-4415-bf76-ef40b175ec8a,4,1,5,3,3
22f14bbf-4b04-49a4-8cfc-4cb839a13d64,3,4,2,2,5
22f14bbf-4b04-49a4-8cfc-4cb839a13d64,5,4,2,4,1
22f14bbf-4b04-49a4-8cfc-4cb839a13d64,4,3,5,5,1
22f14bbf-4b04-49a4-8cfc-4cb839a13d64,1,4,3,1,4
22f14bbf-4b04-49a4-8cfc-4cb839a13d64,4,1,2,4,2
78f2e790-ed30-4c25-b30b-2bab709c9e19,2,4,3,1,4
78f2e790-ed30-4c25-b30b-2bab709c9e19,4,4,3,1,2
78f2e790-ed30-4c25-b30b-2bab709c9e19,2,5,4,5,2
78f2e790-ed30-4c25-b30b-2bab709c9e19,5,3,1,2,5
78f2e790-ed30-4c25-b30b-2bab709c9e19,4,3,1,3,1
ebd86448-952b-4d6c-8f21-3ef65232c498,5,1,2,5,3
ebd86448-952b-4d6c-8f21-3ef65232c498,2,1,5,5,1
ebd86448-952b-4d6c-8f21-3ef65232c498,1,4,4,4,5
ebd86448-952b-4d6c-8f21-3ef65232c498,1,2,1,4,1
ebd86448-952b-4d6c-8f21-3ef65232c498,5,4,3,1,1
e05f45f6-ce91-496a-94c5-f6c8cbd0a2a4,2,2,2,1,1
e05f45f6-ce91-496a-94c5-f6c8cbd0a2a4,5,4,2,5,2
e05f45f6-ce91-496a-94c5-f6c8cbd0a2a4,4,2,2,2,5
e05f45f6-ce91-496a-94c5-f6c8cbd0a2a4,1,3,2,1,5
e05f45f6-ce91-496a-94c5-f6c8cbd0a2a4,2,5,3,3,2
d893bcc0-d6c2-4d16-acb6-900e18b533c5,4,4,2,4,2
d893bcc0-d6c2-4d16-acb6-900e18b533c5,5,2,3,2,5
d893bcc0-d6c2-4d16-acb6-900e18b533c5,3,1,2,1,1
d893bcc0-d6c2-4d16-acb6-900e18b533c5,1,2,5,3,3
d893bcc0-d6c2-4d16-acb6-900e18b533c5,3,2,1,4,3
88b7be11-1c59-4ae3-a753-e357b4ed9071,2,1,3,4,4
88b7be11-1c59-4ae3-a753-e357b4ed9071,2,2,2,3,3
88b7be11-1c59-4ae3-a753-e357b4ed9071,4,3,3,1,1
88b7be11-1c59-4ae3-a753-e357b4ed9071,5,2,3,5,1
88b7be11-1c59-4ae3-a753-e357b4ed9071,4,3,5,1,2
